<?xml version="1.0" encoding="US-ASCII"?>
<!-- Bayesian network in a PMML-based format -->
<PMML version="3.0" xmlns="http://www.dmg.org/PMML-3_0">
	<Header copyright="Technische Universitaet Muenchen" />
	<DataDictionary>
		<DataField name="chord(0)" optype="categorical" id="0">
			<Extension>
				<X-NodeType>chance</X-NodeType>
				<X-Position x="456" y="133" />
				<X-Definition>
					<X-Table>0.04166666667 0.04166666667 0.04166666667 0.04166666667 0.04166666667 0.04166666667 0.04166666667 0.04166666667 0.04166666667 0.04166666667 0.04166666667 0.04166666667 0.04166666667 0.04166666667 0.04166666667 0.04166666667 0.04166666667 0.04166666667 0.04166666667 0.04166666667 0.04166666667 0.04166666667 0.04166666667 0.04166666667 </X-Table>
				</X-Definition>
			</Extension>
			<Value value="Cmaj" />
			<Value value="Dbmaj" />
			<Value value="Dmaj" />
			<Value value="Ebmaj" />
			<Value value="Emaj" />
			<Value value="Fmaj" />
			<Value value="Gbmaj" />
			<Value value="Gmaj" />
			<Value value="Abmaj" />
			<Value value="Amaj" />
			<Value value="Bbmaj" />
			<Value value="Bmaj" />
			<Value value="Cmin" />
			<Value value="Dbmin" />
			<Value value="Dmin" />
			<Value value="Ebmin" />
			<Value value="Emin" />
			<Value value="Fmin" />
			<Value value="Gbmin" />
			<Value value="Gmin" />
			<Value value="Abmin" />
			<Value value="Amin" />
			<Value value="Bbmin" />
			<Value value="Bmin" />
		</DataField>
		<DataField name="+next(t1,t2)" optype="categorical" id="1">
			<Extension>
				<X-NodeType>chance</X-NodeType>
				<X-Position x="626" y="160" />
				<X-Definition>
					<X-Table>0.0 0.0 </X-Table>
				</X-Definition>
			</Extension>
			<Value value="True" />
			<Value value="False" />
		</DataField>
		<DataField name="#chord(t1)" optype="categorical" id="2">
			<Extension>
				<X-NodeType>chance</X-NodeType>
				<X-Position x="457" y="160" />
				<X-Definition>
					<X-Table>0.0 0.0 0.0 0.0 0.0 0.0 0.0 0.0 0.0 0.0 0.0 0.0 0.0 0.0 0.0 0.0 0.0 0.0 0.0 0.0 0.0 0.0 0.0 0.0 </X-Table>
				</X-Definition>
			</Extension>
			<Value value="Cmaj" />
			<Value value="Dbmaj" />
			<Value value="Dmaj" />
			<Value value="Ebmaj" />
			<Value value="Emaj" />
			<Value value="Fmaj" />
			<Value value="Gbmaj" />
			<Value value="Gmaj" />
			<Value value="Abmaj" />
			<Value value="Amaj" />
			<Value value="Bbmaj" />
			<Value value="Bmaj" />
			<Value value="Cmin" />
			<Value value="Dbmin" />
			<Value value="Dmin" />
			<Value value="Ebmin" />
			<Value value="Emin" />
			<Value value="Fmin" />
			<Value value="Gbmin" />
			<Value value="Gmin" />
			<Value value="Abmin" />
			<Value value="Amin" />
			<Value value="Bbmin" />
			<Value value="Bmin" />
		</DataField>
		<DataField name="chord(t2)" optype="categorical" id="3">
			<Extension>
				<X-NodeType>chance</X-NodeType>
				<X-Position x="550" y="160" />
				<X-Definition>
					<X-Given>1</X-Given> <!-- +next(t1,t2) -->
					<X-Given>2</X-Given> <!-- #chord(t1) -->
					<X-Table>0.08332986 0.02083247 0.04333153 0.03729011 0.03395692 0.06628890 0.01320778 0.06628890 0.03395692 0.03729011 0.04333153 0.02083247 0.06295571 0.02924878 0.05153952 0.01441607 0.06399733 0.05062289 0.02629057 0.05170618 0.02049915 0.06878880 0.02491563 0.03508187 
					0.02083247 0.08332986 0.02083247 0.04333153 0.03729011 0.03395692 0.06628890 0.01320778 0.06628890 0.03395692 0.03729011 0.04333153 0.03508187 0.06295571 0.02924878 0.05153952 0.01441607 0.06399733 0.05062289 0.02629057 0.05170618 0.02049915 0.06878880 0.02491563 
					0.04333153 0.02083247 0.08332986 0.02083247 0.04333153 0.03729011 0.03395692 0.06628890 0.01320778 0.06628890 0.03395692 0.03729011 0.02491563 0.03508187 0.06295571 0.02924878 0.05153952 0.01441607 0.06399733 0.05062289 0.02629057 0.05170618 0.02049915 0.06878880 
					0.03729011 0.04333153 0.02083247 0.08332986 0.02083247 0.04333153 0.03729011 0.03395692 0.06628890 0.01320778 0.06628890 0.03395692 0.06878880 0.02491563 0.03508187 0.06295571 0.02924878 0.05153952 0.01441607 0.06399733 0.05062289 0.02629057 0.05170618 0.02049915 
					0.03395692 0.03729011 0.04333153 0.02083247 0.08332986 0.02083247 0.04333153 0.03729011 0.03395692 0.06628890 0.01320778 0.06628890 0.02049915 0.06878880 0.02491563 0.03508187 0.06295571 0.02924878 0.05153952 0.01441607 0.06399733 0.05062289 0.02629057 0.05170618 
					0.06628890 0.03395692 0.03729011 0.04333153 0.02083247 0.08332986 0.02083247 0.04333153 0.03729011 0.03395692 0.06628890 0.01320778 0.05170618 0.02049915 0.06878880 0.02491563 0.03508187 0.06295571 0.02924878 0.05153952 0.01441607 0.06399733 0.05062289 0.02629057 
					0.01320778 0.06628890 0.03395692 0.03729011 0.04333153 0.02083247 0.08332986 0.02083247 0.04333153 0.03729011 0.03395692 0.06628890 0.02629057 0.05170618 0.02049915 0.06878880 0.02491563 0.03508187 0.06295571 0.02924878 0.05153952 0.01441607 0.06399733 0.05062289 
					0.06628890 0.01320778 0.06628890 0.03395692 0.03729011 0.04333153 0.02083247 0.08332986 0.02083247 0.04333153 0.03729011 0.03395692 0.05062289 0.02629057 0.05170618 0.02049915 0.06878880 0.02491563 0.03508187 0.06295571 0.02924878 0.05153952 0.01441607 0.06399733 
					0.03395692 0.06628890 0.01320778 0.06628890 0.03395692 0.03729011 0.04333153 0.02083247 0.08332986 0.02083247 0.04333153 0.03729011 0.06399733 0.05062289 0.02629057 0.05170618 0.02049915 0.06878880 0.02491563 0.03508187 0.06295571 0.02924878 0.05153952 0.01441607 
					0.03729011 0.03395692 0.06628890 0.01320778 0.06628890 0.03395692 0.03729011 0.04333153 0.02083247 0.08332986 0.02083247 0.04333153 0.01441607 0.06399733 0.05062289 0.02629057 0.05170618 0.02049915 0.06878880 0.02491563 0.03508187 0.06295571 0.02924878 0.05153952 
					0.04333153 0.03729011 0.03395692 0.06628890 0.01320778 0.06628890 0.03395692 0.03729011 0.04333153 0.02083247 0.08332986 0.02083247 0.05153952 0.01441607 0.06399733 0.05062289 0.02629057 0.05170618 0.02049915 0.06878880 0.02491563 0.03508187 0.06295571 0.02924878 
					0.02083247 0.04333153 0.03729011 0.03395692 0.06628890 0.01320778 0.06628890 0.03395692 0.03729011 0.04333153 0.02083247 0.08332986 0.02924878 0.05153952 0.01441607 0.06399733 0.05062289 0.02629057 0.05170618 0.02049915 0.06878880 0.02491563 0.03508187 0.06295571 
					0.06295046 0.03507895 0.02491355 0.06878307 0.02049744 0.05170187 0.02628838 0.05061867 0.06399200 0.01441486 0.05153522 0.02924634 0.08332292 0.02524684 0.03499563 0.04395284 0.04153647 0.05578469 0.01362330 0.05578469 0.04153647 0.04395284 0.03499563 0.02524684 
					0.02924634 0.06295046 0.03507895 0.02491355 0.06878307 0.02049744 0.05170187 0.02628838 0.05061867 0.06399200 0.01441486 0.05153522 0.02524684 0.08332292 0.02524684 0.03499563 0.04395284 0.04153647 0.05578469 0.01362330 0.05578469 0.04153647 0.04395284 0.03499563 
					0.05153522 0.02924634 0.06295046 0.03507895 0.02491355 0.06878307 0.02049744 0.05170187 0.02628838 0.05061867 0.06399200 0.01441486 0.03499563 0.02524684 0.08332292 0.02524684 0.03499563 0.04395284 0.04153647 0.05578469 0.01362330 0.05578469 0.04153647 0.04395284 
					0.01441486 0.05153522 0.02924634 0.06295046 0.03507895 0.02491355 0.06878307 0.02049744 0.05170187 0.02628838 0.05061867 0.06399200 0.04395284 0.03499563 0.02524684 0.08332292 0.02524684 0.03499563 0.04395284 0.04153647 0.05578469 0.01362330 0.05578469 0.04153647 
					0.06399200 0.01441486 0.05153522 0.02924634 0.06295046 0.03507895 0.02491355 0.06878307 0.02049744 0.05170187 0.02628838 0.05061867 0.04153647 0.04395284 0.03499563 0.02524684 0.08332292 0.02524684 0.03499563 0.04395284 0.04153647 0.05578469 0.01362330 0.05578469 
					0.05061867 0.06399200 0.01441486 0.05153522 0.02924634 0.06295046 0.03507895 0.02491355 0.06878307 0.02049744 0.05170187 0.02628838 0.05578469 0.04153647 0.04395284 0.03499563 0.02524684 0.08332292 0.02524684 0.03499563 0.04395284 0.04153647 0.05578469 0.01362330 
					0.02628838 0.05061867 0.06399200 0.01441486 0.05153522 0.02924634 0.06295046 0.03507895 0.02491355 0.06878307 0.02049744 0.05170187 0.01362330 0.05578469 0.04153647 0.04395284 0.03499563 0.02524684 0.08332292 0.02524684 0.03499563 0.04395284 0.04153647 0.05578469 
					0.05170187 0.02628838 0.05061867 0.06399200 0.01441486 0.05153522 0.02924634 0.06295046 0.03507895 0.02491355 0.06878307 0.02049744 0.05578469 0.01362330 0.05578469 0.04153647 0.04395284 0.03499563 0.02524684 0.08332292 0.02524684 0.03499563 0.04395284 0.04153647 
					0.02049744 0.05170187 0.02628838 0.05061867 0.06399200 0.01441486 0.05153522 0.02924634 0.06295046 0.03507895 0.02491355 0.06878307 0.04153647 0.05578469 0.01362330 0.05578469 0.04153647 0.04395284 0.03499563 0.02524684 0.08332292 0.02524684 0.03499563 0.04395284 
					0.06878307 0.02049744 0.05170187 0.02628838 0.05061867 0.06399200 0.01441486 0.05153522 0.02924634 0.06295046 0.03507895 0.02491355 0.04395284 0.04153647 0.05578469 0.01362330 0.05578469 0.04153647 0.04395284 0.03499563 0.02524684 0.08332292 0.02524684 0.03499563 
					0.02491355 0.06878307 0.02049744 0.05170187 0.02628838 0.05061867 0.06399200 0.01441486 0.05153522 0.02924634 0.06295046 0.03507895 0.03499563 0.04395284 0.04153647 0.05578469 0.01362330 0.05578469 0.04153647 0.04395284 0.03499563 0.02524684 0.08332292 0.02524684 
					0.03507895 0.02491355 0.06878307 0.02049744 0.05170187 0.02628838 0.05061867 0.06399200 0.01441486 0.05153522 0.02924634 0.06295046 0.02524684 0.03499563 0.04395284 0.04153647 0.05578469 0.01362330 0.05578469 0.04153647 0.04395284 0.03499563 0.02524684 0.08332292
					0.0 0.0 0.0 0.0 0.0 0.0 0.0 0.0 0.0 0.0 0.0 0.0 0.0 0.0 0.0 0.0 0.0 0.0 0.0 0.0 0.0 0.0 0.0 0.0 
					0.0 0.0 0.0 0.0 0.0 0.0 0.0 0.0 0.0 0.0 0.0 0.0 0.0 0.0 0.0 0.0 0.0 0.0 0.0 0.0 0.0 0.0 0.0 0.0 
					0.0 0.0 0.0 0.0 0.0 0.0 0.0 0.0 0.0 0.0 0.0 0.0 0.0 0.0 0.0 0.0 0.0 0.0 0.0 0.0 0.0 0.0 0.0 0.0 
					0.0 0.0 0.0 0.0 0.0 0.0 0.0 0.0 0.0 0.0 0.0 0.0 0.0 0.0 0.0 0.0 0.0 0.0 0.0 0.0 0.0 0.0 0.0 0.0 
					0.0 0.0 0.0 0.0 0.0 0.0 0.0 0.0 0.0 0.0 0.0 0.0 0.0 0.0 0.0 0.0 0.0 0.0 0.0 0.0 0.0 0.0 0.0 0.0 
					0.0 0.0 0.0 0.0 0.0 0.0 0.0 0.0 0.0 0.0 0.0 0.0 0.0 0.0 0.0 0.0 0.0 0.0 0.0 0.0 0.0 0.0 0.0 0.0 
					0.0 0.0 0.0 0.0 0.0 0.0 0.0 0.0 0.0 0.0 0.0 0.0 0.0 0.0 0.0 0.0 0.0 0.0 0.0 0.0 0.0 0.0 0.0 0.0 
					0.0 0.0 0.0 0.0 0.0 0.0 0.0 0.0 0.0 0.0 0.0 0.0 0.0 0.0 0.0 0.0 0.0 0.0 0.0 0.0 0.0 0.0 0.0 0.0 
					0.0 0.0 0.0 0.0 0.0 0.0 0.0 0.0 0.0 0.0 0.0 0.0 0.0 0.0 0.0 0.0 0.0 0.0 0.0 0.0 0.0 0.0 0.0 0.0 
					0.0 0.0 0.0 0.0 0.0 0.0 0.0 0.0 0.0 0.0 0.0 0.0 0.0 0.0 0.0 0.0 0.0 0.0 0.0 0.0 0.0 0.0 0.0 0.0 
					0.0 0.0 0.0 0.0 0.0 0.0 0.0 0.0 0.0 0.0 0.0 0.0 0.0 0.0 0.0 0.0 0.0 0.0 0.0 0.0 0.0 0.0 0.0 0.0 
					0.0 0.0 0.0 0.0 0.0 0.0 0.0 0.0 0.0 0.0 0.0 0.0 0.0 0.0 0.0 0.0 0.0 0.0 0.0 0.0 0.0 0.0 0.0 0.0 
					0.0 0.0 0.0 0.0 0.0 0.0 0.0 0.0 0.0 0.0 0.0 0.0 0.0 0.0 0.0 0.0 0.0 0.0 0.0 0.0 0.0 0.0 0.0 0.0 
					0.0 0.0 0.0 0.0 0.0 0.0 0.0 0.0 0.0 0.0 0.0 0.0 0.0 0.0 0.0 0.0 0.0 0.0 0.0 0.0 0.0 0.0 0.0 0.0 
					0.0 0.0 0.0 0.0 0.0 0.0 0.0 0.0 0.0 0.0 0.0 0.0 0.0 0.0 0.0 0.0 0.0 0.0 0.0 0.0 0.0 0.0 0.0 0.0 
					0.0 0.0 0.0 0.0 0.0 0.0 0.0 0.0 0.0 0.0 0.0 0.0 0.0 0.0 0.0 0.0 0.0 0.0 0.0 0.0 0.0 0.0 0.0 0.0 
					0.0 0.0 0.0 0.0 0.0 0.0 0.0 0.0 0.0 0.0 0.0 0.0 0.0 0.0 0.0 0.0 0.0 0.0 0.0 0.0 0.0 0.0 0.0 0.0 
					0.0 0.0 0.0 0.0 0.0 0.0 0.0 0.0 0.0 0.0 0.0 0.0 0.0 0.0 0.0 0.0 0.0 0.0 0.0 0.0 0.0 0.0 0.0 0.0 
					0.0 0.0 0.0 0.0 0.0 0.0 0.0 0.0 0.0 0.0 0.0 0.0 0.0 0.0 0.0 0.0 0.0 0.0 0.0 0.0 0.0 0.0 0.0 0.0 
					0.0 0.0 0.0 0.0 0.0 0.0 0.0 0.0 0.0 0.0 0.0 0.0 0.0 0.0 0.0 0.0 0.0 0.0 0.0 0.0 0.0 0.0 0.0 0.0 
					0.0 0.0 0.0 0.0 0.0 0.0 0.0 0.0 0.0 0.0 0.0 0.0 0.0 0.0 0.0 0.0 0.0 0.0 0.0 0.0 0.0 0.0 0.0 0.0 
					0.0 0.0 0.0 0.0 0.0 0.0 0.0 0.0 0.0 0.0 0.0 0.0 0.0 0.0 0.0 0.0 0.0 0.0 0.0 0.0 0.0 0.0 0.0 0.0 
					0.0 0.0 0.0 0.0 0.0 0.0 0.0 0.0 0.0 0.0 0.0 0.0 0.0 0.0 0.0 0.0 0.0 0.0 0.0 0.0 0.0 0.0 0.0 0.0 
					0.0 0.0 0.0 0.0 0.0 0.0 0.0 0.0 0.0 0.0 0.0 0.0 0.0 0.0 0.0 0.0 0.0 0.0 0.0 0.0 0.0 0.0 0.0 0.0 </X-Table>
				</X-Definition>
			</Extension>
			<Value value="Cmaj" />
			<Value value="Dbmaj" />
			<Value value="Dmaj" />
			<Value value="Ebmaj" />
			<Value value="Emaj" />
			<Value value="Fmaj" />
			<Value value="Gbmaj" />
			<Value value="Gmaj" />
			<Value value="Abmaj" />
			<Value value="Amaj" />
			<Value value="Bbmaj" />
			<Value value="Bmaj" />
			<Value value="Cmin" />
			<Value value="Dbmin" />
			<Value value="Dmin" />
			<Value value="Ebmin" />
			<Value value="Emin" />
			<Value value="Fmin" />
			<Value value="Gbmin" />
			<Value value="Gmin" />
			<Value value="Abmin" />
			<Value value="Amin" />
			<Value value="Bbmin" />
			<Value value="Bmin" />
		</DataField>
		<DataField name="#chord(t)" optype="categorical" id="4">
			<Extension>
				<X-NodeType>chance</X-NodeType>
				<X-Position x="456" y="189" />
				<X-Definition>
					<X-Table>0.0 0.0 0.0 0.0 0.0 0.0 0.0 0.0 0.0 0.0 0.0 0.0 0.0 0.0 0.0 0.0 0.0 0.0 0.0 0.0 0.0 0.0 0.0 0.0 </X-Table>
				</X-Definition>
			</Extension>
			<Value value="Cmaj" />
			<Value value="Dbmaj" />
			<Value value="Dmaj" />
			<Value value="Ebmaj" />
			<Value value="Emaj" />
			<Value value="Fmaj" />
			<Value value="Gbmaj" />
			<Value value="Gmaj" />
			<Value value="Abmaj" />
			<Value value="Amaj" />
			<Value value="Bbmaj" />
			<Value value="Bmaj" />
			<Value value="Cmin" />
			<Value value="Dbmin" />
			<Value value="Dmin" />
			<Value value="Ebmin" />
			<Value value="Emin" />
			<Value value="Fmin" />
			<Value value="Gbmin" />
			<Value value="Gmin" />
			<Value value="Abmin" />
			<Value value="Amin" />
			<Value value="Bbmin" />
			<Value value="Bmin" />
		</DataField>
		<DataField name="observation(t)" optype="categorical" id="5">
			<Extension>
				<X-NodeType>chance</X-NodeType>
				<X-Position x="550" y="183" />
				<X-Definition>
					<X-Given>4</X-Given> <!-- #chord(t) -->
					<X-Table>0.04166666667 0.04166666667 0.04166666667 0.04166666667 0.04166666667 0.04166666667 0.04166666667 0.04166666667 0.04166666667 0.04166666667 0.04166666667 0.04166666667 0.04166666667 0.04166666667 0.04166666667 0.04166666667 0.04166666667 0.04166666667 0.04166666667 0.04166666667 0.04166666667 0.04166666667 0.04166666667 0.04166666667 
					0.04166666667 0.04166666667 0.04166666667 0.04166666667 0.04166666667 0.04166666667 0.04166666667 0.04166666667 0.04166666667 0.04166666667 0.04166666667 0.04166666667 0.04166666667 0.04166666667 0.04166666667 0.04166666667 0.04166666667 0.04166666667 0.04166666667 0.04166666667 0.04166666667 0.04166666667 0.04166666667 0.04166666667 
					0.04166666667 0.04166666667 0.04166666667 0.04166666667 0.04166666667 0.04166666667 0.04166666667 0.04166666667 0.04166666667 0.04166666667 0.04166666667 0.04166666667 0.04166666667 0.04166666667 0.04166666667 0.04166666667 0.04166666667 0.04166666667 0.04166666667 0.04166666667 0.04166666667 0.04166666667 0.04166666667 0.04166666667 
					0.04166666667 0.04166666667 0.04166666667 0.04166666667 0.04166666667 0.04166666667 0.04166666667 0.04166666667 0.04166666667 0.04166666667 0.04166666667 0.04166666667 0.04166666667 0.04166666667 0.04166666667 0.04166666667 0.04166666667 0.04166666667 0.04166666667 0.04166666667 0.04166666667 0.04166666667 0.04166666667 0.04166666667 
					0.04166666667 0.04166666667 0.04166666667 0.04166666667 0.04166666667 0.04166666667 0.04166666667 0.04166666667 0.04166666667 0.04166666667 0.04166666667 0.04166666667 0.04166666667 0.04166666667 0.04166666667 0.04166666667 0.04166666667 0.04166666667 0.04166666667 0.04166666667 0.04166666667 0.04166666667 0.04166666667 0.04166666667 </X-Table>
				</X-Definition>
			</Extension>
			<Value value="O0" />
			<Value value="O1" />
			<Value value="O2" />
			<Value value="O3" />
			<Value value="O4" />
		</DataField>
		<DataField name="key(t)" optype="categorical" id="6">
			<Extension>
				<X-NodeType>chance</X-NodeType>
				<X-Position x="547" y="196" />
				<X-Definition>
					<X-Given>4</X-Given> <!-- #chord(t) -->
					<X-Table>0.07145923 0.05010730 0.05075107 0.04978541 0.05375536 0.05718884 0.04678112 0.05997854 0.04978541 0.04624464 0.04935622 0.05053648 0.04023605 0.02961373 0.02746781 0.03884120 0.02800429 0.02875536 0.02285408 0.03422747 0.02961373 0.02339056 0.03347639 0.02778970 
					0.05053648 0.07145923 0.05010730 0.05075107 0.04978541 0.05375536 0.05718884 0.04678112 0.05997854 0.04978541 0.04624464 0.04935622 0.02778970 0.04023605 0.02961373 0.02746781 0.03884120 0.02800429 0.02875536 0.02285408 0.03422747 0.02961373 0.02339056 0.03347639 
					0.04935622 0.05053648 0.07145923 0.05010730 0.05075107 0.04978541 0.05375536 0.05718884 0.04678112 0.05997854 0.04978541 0.04624464 0.03347639 0.02778970 0.04023605 0.02961373 0.02746781 0.03884120 0.02800429 0.02875536 0.02285408 0.03422747 0.02961373 0.02339056 
					0.04624464 0.04935622 0.05053648 0.07145923 0.05010730 0.05075107 0.04978541 0.05375536 0.05718884 0.04678112 0.05997854 0.04978541 0.02339056 0.03347639 0.02778970 0.04023605 0.02961373 0.02746781 0.03884120 0.02800429 0.02875536 0.02285408 0.03422747 0.02961373 
					0.04978541 0.04624464 0.04935622 0.05053648 0.07145923 0.05010730 0.05075107 0.04978541 0.05375536 0.05718884 0.04678112 0.05997854 0.02961373 0.02339056 0.03347639 0.02778970 0.04023605 0.02961373 0.02746781 0.03884120 0.02800429 0.02875536 0.02285408 0.03422747 
					0.05997854 0.04978541 0.04624464 0.04935622 0.05053648 0.07145923 0.05010730 0.05075107 0.04978541 0.05375536 0.05718884 0.04678112 0.03422747 0.02961373 0.02339056 0.03347639 0.02778970 0.04023605 0.02961373 0.02746781 0.03884120 0.02800429 0.02875536 0.02285408 
					0.04678112 0.05997854 0.04978541 0.04624464 0.04935622 0.05053648 0.07145923 0.05010730 0.05075107 0.04978541 0.05375536 0.05718884 0.02285408 0.03422747 0.02961373 0.02339056 0.03347639 0.02778970 0.04023605 0.02961373 0.02746781 0.03884120 0.02800429 0.02875536 
					0.05718884 0.04678112 0.05997854 0.04978541 0.04624464 0.04935622 0.05053648 0.07145923 0.05010730 0.05075107 0.04978541 0.05375536 0.02875536 0.02285408 0.03422747 0.02961373 0.02339056 0.03347639 0.02778970 0.04023605 0.02961373 0.02746781 0.03884120 0.02800429 
					0.05375536 0.05718884 0.04678112 0.05997854 0.04978541 0.04624464 0.04935622 0.05053648 0.07145923 0.05010730 0.05075107 0.04978541 0.02800429 0.02875536 0.02285408 0.03422747 0.02961373 0.02339056 0.03347639 0.02778970 0.04023605 0.02961373 0.02746781 0.03884120 
					0.04978541 0.05375536 0.05718884 0.04678112 0.05997854 0.04978541 0.04624464 0.04935622 0.05053648 0.07145923 0.05010730 0.05075107 0.03884120 0.02800429 0.02875536 0.02285408 0.03422747 0.02961373 0.02339056 0.03347639 0.02778970 0.04023605 0.02961373 0.02746781 
					0.05075107 0.04978541 0.05375536 0.05718884 0.04678112 0.05997854 0.04978541 0.04624464 0.04935622 0.05053648 0.07145923 0.05010730 0.02746781 0.03884120 0.02800429 0.02875536 0.02285408 0.03422747 0.02961373 0.02339056 0.03347639 0.02778970 0.04023605 0.02961373 
					0.05010730 0.05075107 0.04978541 0.05375536 0.05718884 0.04678112 0.05997854 0.04978541 0.04624464 0.04935622 0.05053648 0.07145923 0.02961373 0.02746781 0.03884120 0.02800429 0.02875536 0.02285408 0.03422747 0.02961373 0.02339056 0.03347639 0.02778970 0.04023605 
					0.05638898 0.04096180 0.04489839 0.03925950 0.04734546 0.04660070 0.04170656 0.04691989 0.04245132 0.04404724 0.04074902 0.04372806 0.06277264 0.03340781 0.03330142 0.04021704 0.03755719 0.03702522 0.03170550 0.04894138 0.03542930 0.03723800 0.03457815 0.03276944 
					0.04372806 0.05638898 0.04096180 0.04489839 0.03925950 0.04734546 0.04660070 0.04170656 0.04691989 0.04245132 0.04404724 0.04074902 0.03276944 0.06277264 0.03340781 0.03330142 0.04021704 0.03755719 0.03702522 0.03170550 0.04894138 0.03542930 0.03723800 0.03457815 
					0.04074902 0.04372806 0.05638898 0.04096180 0.04489839 0.03925950 0.04734546 0.04660070 0.04170656 0.04691989 0.04245132 0.04404724 0.03457815 0.03276944 0.06277264 0.03340781 0.03330142 0.04021704 0.03755719 0.03702522 0.03170550 0.04894138 0.03542930 0.03723800 
					0.04404724 0.04074902 0.04372806 0.05638898 0.04096180 0.04489839 0.03925950 0.04734546 0.04660070 0.04170656 0.04691989 0.04245132 0.03723800 0.03457815 0.03276944 0.06277264 0.03340781 0.03330142 0.04021704 0.03755719 0.03702522 0.03170550 0.04894138 0.03542930 
					0.04245132 0.04404724 0.04074902 0.04372806 0.05638898 0.04096180 0.04489839 0.03925950 0.04734546 0.04660070 0.04170656 0.04691989 0.03542930 0.03723800 0.03457815 0.03276944 0.06277264 0.03340781 0.03330142 0.04021704 0.03755719 0.03702522 0.03170550 0.04894138 
					0.04691989 0.04245132 0.04404724 0.04074902 0.04372806 0.05638898 0.04096180 0.04489839 0.03925950 0.04734546 0.04660070 0.04170656 0.04894138 0.03542930 0.03723800 0.03457815 0.03276944 0.06277264 0.03340781 0.03330142 0.04021704 0.03755719 0.03702522 0.03170550 
					0.04170656 0.04691989 0.04245132 0.04404724 0.04074902 0.04372806 0.05638898 0.04096180 0.04489839 0.03925950 0.04734546 0.04660070 0.03170550 0.04894138 0.03542930 0.03723800 0.03457815 0.03276944 0.06277264 0.03340781 0.03330142 0.04021704 0.03755719 0.03702522 
					0.04660070 0.04170656 0.04691989 0.04245132 0.04404724 0.04074902 0.04372806 0.05638898 0.04096180 0.04489839 0.03925950 0.04734546 0.03702522 0.03170550 0.04894138 0.03542930 0.03723800 0.03457815 0.03276944 0.06277264 0.03340781 0.03330142 0.04021704 0.03755719 
					0.04734546 0.04660070 0.04170656 0.04691989 0.04245132 0.04404724 0.04074902 0.04372806 0.05638898 0.04096180 0.04489839 0.03925950 0.03755719 0.03702522 0.03170550 0.04894138 0.03542930 0.03723800 0.03457815 0.03276944 0.06277264 0.03340781 0.03330142 0.04021704 
					0.03925950 0.04734546 0.04660070 0.04170656 0.04691989 0.04245132 0.04404724 0.04074902 0.04372806 0.05638898 0.04096180 0.04489839 0.04021704 0.03755719 0.03702522 0.03170550 0.04894138 0.03542930 0.03723800 0.03457815 0.03276944 0.06277264 0.03340781 0.03330142 
					0.04489839 0.03925950 0.04734546 0.04660070 0.04170656 0.04691989 0.04245132 0.04404724 0.04074902 0.04372806 0.05638898 0.04096180 0.03330142 0.04021704 0.03755719 0.03702522 0.03170550 0.04894138 0.03542930 0.03723800 0.03457815 0.03276944 0.06277264 0.03340781 
					0.04096180 0.04489839 0.03925950 0.04734546 0.04660070 0.04170656 0.04691989 0.04245132 0.04404724 0.04074902 0.04372806 0.05638898 0.03340781 0.03330142 0.04021704 0.03755719 0.03702522 0.03170550 0.04894138 0.03542930 0.03723800 0.03457815 0.03276944 0.06277264 </X-Table>
				</X-Definition>
			</Extension>
			<Value value="Cmajor" />
			<Value value="Dbmajor" />
			<Value value="Dmajor" />
			<Value value="Ebmajor" />
			<Value value="Emajor" />
			<Value value="Fmajor" />
			<Value value="Gbmajor" />
			<Value value="Gmajor" />
			<Value value="Abmajor" />
			<Value value="Amajor" />
			<Value value="Bbmajor" />
			<Value value="Bmajor" />
			<Value value="Cminor" />
			<Value value="Dbminor" />
			<Value value="Dminor" />
			<Value value="Ebminor" />
			<Value value="Eminor" />
			<Value value="Fminor" />
			<Value value="Gbminor" />
			<Value value="Gminor" />
			<Value value="Abminor" />
			<Value value="Aminor" />
			<Value value="Bbminor" />
			<Value value="Bminor" />
		</DataField>
	</DataDictionary>
</PMML>
